-30
4.6176e-09
4.6336e-09
4.6356e-09
4.6326e-09
4.6466e-09
4.7167e-09
4.7497e-09
4.7437e-09
4.7537e-09
4.7547e-09
4.7537e-09
4.7628e-09
4.7628e-09
4.7668e-09
4.7628e-09
4.7467e-09
4.7447e-09
4.7447e-09
4.7447e-09
4.7427e-09
4.7407e-09
4.7397e-09
4.7367e-09
4.7297e-09
4.7247e-09
4.7177e-09
4.7037e-09
4.6617e-09
4.5906e-09
4.5325e-09
4.6526e-09
4.6767e-09
4.6466e-09
4.5596e-09
4.5265e-09
4.5355e-09
4.5405e-09
4.5315e-09
4.5315e-09
4.6346e-09
4.6707e-09
4.6557e-09
4.5485e-09
4.5726e-09
4.6226e-09
4.6036e-09
4.5295e-09
4.4605e-09
4.4354e-09
4.4364e-09
4.4905e-09
4.4204e-09
4.4344e-09
4.4064e-09
4.6076e-09
4.6066e-09
4.5195e-09
4.4755e-09
4.5035e-09
4.4174e-09
4.3864e-09
4.3874e-09
4.3764e-09
4.3814e-09
4.3353e-09
4.3784e-09
4.3954e-09
4.3724e-09
4.3684e-09
4.3964e-09
4.3864e-09
4.3684e-09
4.3533e-09
4.3353e-09
4.3233e-09
4.2833e-09
4.2703e-09
4.2442e-09
4.2753e-09
4.4825e-09
4.4655e-09
4.4204e-09
4.4244e-09
4.3684e-09
4.3744e-09
4.3614e-09
4.3523e-09
4.3483e-09
4.4494e-09
4.4174e-09
4.3864e-09
4.3684e-09
4.3423e-09
4.2863e-09
4.3003e-09
4.2963e-09
4.3073e-09
4.3133e-09
4.3103e-09
4.3193e-09
4.3023e-09
4.3083e-09
4.4274e-09
4.4364e-09
4.4364e-09
4.4374e-09
4.4304e-09
4.4224e-09
4.4134e-09
4.4054e-09
4.3964e-09
4.4244e-09
4.4164e-09
4.4074e-09
4.3994e-09
4.3894e-09
4.3804e-09
4.3724e-09
4.3644e-09
4.3554e-09
4.3453e-09
4.3363e-09
4.3253e-09
4.3133e-09
4.3013e-09
4.2863e-09
4.2653e-09
4.2142e-09
4.0711e-09
4.05e-09
4.0721e-09
4.0541e-09
4.0741e-09
4.0681e-09
4.0841e-09
4.1061e-09
4.1071e-09
4.051e-09
4.028e-09
3.965e-09
3.999e-09
3.982e-09
3.2382e-09
3.1922e-09
3.1752e-09
3.1972e-09
3.0951e-09
3.0871e-09
3.023e-09
2.995e-09
2.9169e-09
2.8879e-09
2.8539e-09
2.8248e-09
2.7778e-09
2.7447e-09
2.6947e-09
2.6456e-09
2.6206e-09
2.5716e-09
2.4985e-09
2.4284e-09
2.3844e-09
2.3383e-09
2.2983e-09
2.3073e-09
2.2232e-09
2.1401e-09
2.1121e-09
2.0741e-09
2.006e-09
1.98e-09
1.954e-09
1.9299e-09
1.8749e-09
1.8258e-09
1.7908e-09
1.7668e-09
1.7357e-09
1.7057e-09
1.6707e-09
1.6446e-09
1.6306e-09
1.5976e-09
1.5666e-09
1.5656e-09
1.5756e-09
1.5495e-09
1.4905e-09
1.4725e-09
1.4434e-09
1.4304e-09
1.4074e-09
1.3924e-09
1.3784e-09
1.3544e-09
1.3473e-09
1.3173e-09
1.3263e-09
1.3083e-09
1.3243e-09
1.3373e-09
1.3243e-09
1.2883e-09
1.2753e-09
1.2492e-09
1.2302e-09
1.2072e-09
1.2122e-09
1.1952e-09
1.1732e-09
1.1592e-09
1.1331e-09
1.1191e-09
1.1061e-09
1.0801e-09
1.0631e-09
1.048e-09
1.035e-09
1.027e-09
1.008e-09
9.99e-10
9.8599e-10
9.6897e-10
9.3493e-10
9.5395e-10
9.8498e-10
9.4094e-10
9.1091e-10
9.1491e-10
8.9289e-10
8.7087e-10
8.8989e-10
9.019e-10
8.7487e-10
8.4785e-10
8.3483e-10
8.3483e-10
8.4284e-10
8.1682e-10
7.9479e-10
7.998e-10
7.968e-10
7.7477e-10
7.978e-10
7.6877e-10
7.5375e-10
7.3273e-10
7.6777e-10
7.4274e-10
7.2472e-10
6.9169e-10
7.2472e-10
7.0871e-10
7.1271e-10
6.967e-10
7.2773e-10
7.2673e-10
7.1471e-10
6.8669e-10
7.2573e-10
6.9469e-10
6.7968e-10
7.1972e-10
6.9069e-10
6.6366e-10
6.3764e-10
6.8468e-10
6.7267e-10
6.4364e-10
6.1862e-10
6.6967e-10
6.4264e-10
6.1762e-10
6.7067e-10
6.4564e-10
6.3864e-10
6.2162e-10
6.7067e-10
6.3363e-10
6.1161e-10
6.2262e-10
6.3764e-10
6.1762e-10
6.046e-10
5.7357e-10
6.3263e-10
6.1862e-10
5.8859e-10
6.6567e-10
3.033e-10
3.0631e-10
2.993e-10
2.9029e-10
2.8228e-10
2.7327e-10
2.6226e-10
2.5826e-10
2.5125e-10
2.4825e-10
2.4124e-10
2.3323e-10
2.3023e-10
2.2222e-10
2.1622e-10
2.1221e-10
2.1421e-10
2.0921e-10
2.022e-10
1.9319e-10
1.8719e-10
1.8819e-10
1.7818e-10
1.7217e-10
1.7417e-10
1.6917e-10
1.6216e-10
1.5415e-10
1.5115e-10
1.4514e-10
1.3814e-10
1.3614e-10
1.3213e-10
1.3013e-10
1.2613e-10
1.2212e-10
1.1712e-10
1.1411e-10
1.0911e-10
1.0511e-10
1.031e-10
1.031e-10
9.7097e-11
9.3093e-11
9.009e-11
8.7087e-11
8.3083e-11
8.008e-11
7.7077e-11
7.5075e-11
7.2072e-11
6.8068e-11
6.8068e-11
6.6066e-11
6.3063e-11
6.006e-11
5.7057e-11
5.4054e-11
5.2052e-11
5.005e-11
4.7047e-11
4.7047e-11
4.5045e-11
4.4044e-11
4.2042e-11
4.1041e-11
3.9039e-11
3.5035e-11
3.6036e-11
3.4034e-11
3.2032e-11
3.003e-11
2.9029e-11
2.7027e-11
2.6026e-11
2.5025e-11
2.4024e-11
2.3023e-11
2.2022e-11
2.1021e-11
1.9019e-11
1.9019e-11
1.7017e-11
1.7017e-11
1.6016e-11
1.6016e-11
1.6016e-11
1.5015e-11
1.5015e-11
1.4014e-11
1.4014e-11
1.3013e-11
1.4014e-11
1.3013e-11
1.4014e-11
1.2012e-11
1.4014e-11
1.2012e-11
1.3013e-11
1.2012e-11
1.3013e-11
1.2012e-11
1.3013e-11
1.2012e-11
1.3013e-11
1.2012e-11
1.3013e-11
1.2012e-11
1.3013e-11
1.2012e-11
1.3013e-11
1.2012e-11
